0.000000	100.000000
0.010000	99.205346
0.020000	98.410771
0.030000	97.616354
0.040000	96.822172
0.050000	96.028306
0.060000	95.234834
0.070000	94.441834
0.080000	93.649384
0.090000	92.857562
0.100000	92.066448
0.110000	91.276117
0.120000	90.486649
0.130000	89.698119
0.140000	88.910606
0.150000	88.124185
0.160000	87.338934
0.170000	86.554928
0.180000	85.772243
0.190000	84.990954
0.200000	84.211136
0.210000	83.432864
0.220000	82.656211
0.230000	81.881252
0.240000	81.108058
0.250000	80.336702
0.260000	79.567257
0.270000	78.799794
0.280000	78.034384
0.290000	77.271096
0.300000	76.510001
0.310000	75.751168
0.320000	74.994664
0.330000	74.240557
0.340000	73.488915
0.350000	72.739804
0.360000	71.993289
0.370000	71.249435
0.380000	70.508305
0.390000	69.769965
0.400000	69.034474
0.410000	68.301897
0.420000	67.572292
0.430000	66.845721
0.440000	66.122242
0.450000	65.401914
0.460000	64.684794
0.470000	63.970939
0.480000	63.260404
0.490000	62.553243
0.500000	61.849512
0.510000	61.149262
0.520000	60.452546
0.530000	59.759414
0.540000	59.069917
0.550000	58.384102
0.560000	57.702019
0.570000	57.023715
0.580000	56.349234
0.590000	55.678623
0.600000	55.011926
0.610000	54.349184
0.620000	53.690440
0.630000	53.035735
0.640000	52.385108
0.650000	51.738599
0.660000	51.096245
0.670000	50.458082
0.680000	49.824147
0.690000	49.194473
0.700000	48.569094
0.710000	47.948042
0.720000	47.331349
0.730000	46.719044
0.740000	46.111157
0.750000	45.507716
0.760000	44.908747
0.770000	44.314277
0.780000	43.724330
0.790000	43.138930
0.800000	42.558099
0.810000	41.981859
0.820000	41.410230
0.830000	40.843233
0.840000	40.280884
0.850000	39.723201
0.860000	39.170200
0.870000	38.621897
0.880000	38.078305
0.890000	37.539438
0.900000	37.005306
0.910000	36.475922
0.920000	35.951295
0.930000	35.431434
0.940000	34.916347
0.950000	34.406040
0.960000	33.900519
0.970000	33.399789
0.980000	32.903854
0.990000	32.412716
1.000000	31.926378
1.010000	31.444841
1.020000	30.968103
1.030000	30.496165
1.040000	30.029024
1.050000	29.566677
1.060000	29.109120
1.070000	28.656350
1.080000	28.208360
1.090000	27.765143
1.100000	27.326692
1.110000	26.893000
1.120000	26.464057
1.130000	26.039853
1.140000	25.620377
1.150000	25.205617
1.160000	24.795563
1.170000	24.390199
1.180000	23.989513
1.190000	23.593489
1.200000	23.202113
1.210000	22.815368
1.220000	22.433236
1.230000	22.055702
1.240000	21.682746
1.250000	21.314349
1.260000	20.950491
1.270000	20.591153
1.280000	20.236314
1.290000	19.885951
1.300000	19.540043
1.310000	19.198567
1.320000	18.861500
1.330000	18.528817
1.340000	18.200495
1.350000	17.876508
1.360000	17.556830
1.370000	17.241436
1.380000	16.930299
1.390000	16.623393
1.400000	16.320689
1.410000	16.022159
1.420000	15.727776
1.430000	15.437511
1.440000	15.151334
1.450000	14.869215
1.460000	14.591125
1.470000	14.317034
1.480000	14.046911
1.490000	13.780724
1.500000	13.518442
1.510000	13.260034
1.520000	13.005468
1.530000	12.754712
1.540000	12.507732
1.550000	12.264497
1.560000	12.024973
1.570000	11.789126
1.580000	11.556925
1.590000	11.328334
1.600000	11.103321
1.610000	10.881850
1.620000	10.663889
1.630000	10.449402
1.640000	10.238355
1.650000	10.030714
1.660000	9.826443
1.670000	9.625509
1.680000	9.427876
1.690000	9.233509
1.700000	9.042374
1.710000	8.854434
1.720000	8.669656
1.730000	8.488004
1.740000	8.309442
1.750000	8.133936
1.760000	7.961451
1.770000	7.791950
1.780000	7.625400
1.790000	7.461765
1.800000	7.301009
1.810000	7.143099
1.820000	6.987998
1.830000	6.835673
1.840000	6.686088
1.850000	6.539208
1.860000	6.394999
1.870000	6.253427
1.880000	6.114456
1.890000	5.978053
1.900000	5.844184
1.910000	5.712814
1.920000	5.583910
1.930000	5.457438
1.940000	5.333364
1.950000	5.211655
1.960000	5.092277
1.970000	4.975198
1.980000	4.860385
1.990000	4.747805
2.000000	4.637426
2.010000	4.529215
2.020000	4.423140
2.030000	4.319170
2.040000	4.217272
2.050000	4.117416
2.060000	4.019570
2.070000	3.923703
2.080000	3.829784
2.090000	3.737784
2.100000	3.647671
2.110000	3.559416
2.120000	3.472989
2.130000	3.388361
2.140000	3.305502
2.150000	3.224384
2.160000	3.144977
2.170000	3.067254
2.180000	2.991186
2.190000	2.916745
2.200000	2.843904
2.210000	2.772636
2.220000	2.702913
2.230000	2.634709
2.240000	2.567997
2.250000	2.502751
2.260000	2.438945
2.270000	2.376553
2.280000	2.315551
2.290000	2.255914
2.300000	2.197615
2.310000	2.140632
2.320000	2.084940
2.330000	2.030515
2.340000	1.977333
2.350000	1.925372
2.360000	1.874608
2.370000	1.825019
2.380000	1.776582
2.390000	1.729275
2.400000	1.683077
2.410000	1.637965
2.420000	1.593920
2.430000	1.550919
2.440000	1.508942
2.450000	1.467969
2.460000	1.427980
2.470000	1.388955
2.480000	1.350875
2.490000	1.313720
2.500000	1.277471
2.510000	1.242111
2.520000	1.207620
2.530000	1.173981
2.540000	1.141175
2.550000	1.109186
2.560000	1.077996
2.570000	1.047588
2.580000	1.017945
2.590000	0.989052
2.600000	0.960891
2.610000	0.933447
2.620000	0.906705
2.630000	0.880649
2.640000	0.855265
2.650000	0.830536
2.660000	0.806449
2.670000	0.782989
2.680000	0.760142
2.690000	0.737895
2.700000	0.716234
2.710000	0.695145
2.720000	0.674616
2.730000	0.654633
2.740000	0.635184
2.750000	0.616256
2.760000	0.597838
2.770000	0.579918
2.780000	0.562483
2.790000	0.545523
2.800000	0.529025
2.810000	0.512980
2.820000	0.497375
2.830000	0.482201
2.840000	0.467447
2.850000	0.453103
2.860000	0.439159
2.870000	0.425605
2.880000	0.412432
2.890000	0.399629
2.900000	0.387188
2.910000	0.375101
2.920000	0.363357
2.930000	0.351948
2.940000	0.340867
2.950000	0.330103
2.960000	0.319651
2.970000	0.309501
2.980000	0.299645
2.990000	0.290077
3.000000	0.280788
3.010000	0.271771
3.020000	0.263020
3.030000	0.254528
3.040000	0.246286
3.050000	0.238290
3.060000	0.230532
3.070000	0.223006
3.080000	0.215705
3.090000	0.208624
3.100000	0.201758
3.110000	0.195099
3.120000	0.188642
3.130000	0.182382
3.140000	0.176314
3.150000	0.170431
3.160000	0.164730
3.170000	0.159205
3.180000	0.153850
3.190000	0.148662
3.200000	0.143636
3.210000	0.138767
3.220000	0.134050
3.230000	0.129482
3.240000	0.125057
3.250000	0.120773
3.260000	0.116624
3.270000	0.112608
3.280000	0.108720
3.290000	0.104956
3.300000	0.101313
3.310000	0.097788
3.320000	0.094376
3.330000	0.091075
3.340000	0.087881
3.350000	0.084792
3.360000	0.081803
3.370000	0.078912
3.380000	0.076117
3.390000	0.073413
3.400000	0.070799
3.410000	0.068272
3.420000	0.065828
3.430000	0.063467
3.440000	0.061184
3.450000	0.058978
3.460000	0.056846
3.470000	0.054786
3.480000	0.052796
3.490000	0.050873
3.500000	0.049016
3.510000	0.047222
3.520000	0.045489
3.530000	0.043816
3.540000	0.042201
3.550000	0.040641
3.560000	0.039135
3.570000	0.037682
3.580000	0.036279
3.590000	0.034925
3.600000	0.033619
3.610000	0.032358
3.620000	0.031141
3.630000	0.029968
3.640000	0.028836
3.650000	0.027744
3.660000	0.026691
3.670000	0.025676
3.680000	0.024697
3.690000	0.023753
3.700000	0.022843
3.710000	0.021965
3.720000	0.021120
3.730000	0.020305
3.740000	0.019520
3.750000	0.018763
3.760000	0.018034
3.770000	0.017332
3.780000	0.016655
3.790000	0.016003
3.800000	0.015376
3.810000	0.014771
3.820000	0.014189
3.830000	0.013629
3.840000	0.013089
3.850000	0.012570
3.860000	0.012070
3.870000	0.011589
3.880000	0.011126
3.890000	0.010681
3.900000	0.010252
3.910000	0.009840
3.920000	0.009443
3.930000	0.009062
3.940000	0.008695
3.950000	0.008342
3.960000	0.008003
3.970000	0.007677
3.980000	0.007363
3.990000	0.007062
4.000000	0.006772
4.010000	0.006494
4.020000	0.006226
4.030000	0.005969
4.040000	0.005722
4.050000	0.005484
4.060000	0.005256
4.070000	0.005037
4.080000	0.004827
4.090000	0.004625
4.100000	0.004431
4.110000	0.004245
4.120000	0.004066
4.130000	0.003894
4.140000	0.003730
4.150000	0.003571
4.160000	0.003420
4.170000	0.003274
4.180000	0.003134
4.190000	0.003000
4.200000	0.002872
4.210000	0.002749
4.220000	0.002630
4.230000	0.002517
4.240000	0.002408
4.250000	0.002304
4.260000	0.002204
4.270000	0.002108
4.280000	0.002016
4.290000	0.001928
4.300000	0.001844
4.310000	0.001763
4.320000	0.001685
4.330000	0.001611
4.340000	0.001540
4.350000	0.001472
4.360000	0.001407
4.370000	0.001344
4.380000	0.001285
4.390000	0.001227
4.400000	0.001173
4.410000	0.001120
4.420000	0.001070
4.430000	0.001022
4.440000	0.000976
4.450000	0.000932
4.460000	0.000890
4.470000	0.000849
4.480000	0.000811
4.490000	0.000774
4.500000	0.000739
4.510000	0.000705
4.520000	0.000673
4.530000	0.000642
4.540000	0.000612
4.550000	0.000584
4.560000	0.000557
4.570000	0.000531
4.580000	0.000507
4.590000	0.000483
4.600000	0.000461
4.610000	0.000439
4.620000	0.000419
4.630000	0.000399
4.640000	0.000381
4.650000	0.000363
4.660000	0.000346
4.670000	0.000329
4.680000	0.000314
4.690000	0.000299
4.700000	0.000285
4.710000	0.000271
4.720000	0.000258
4.730000	0.000246
4.740000	0.000234
4.750000	0.000223
4.760000	0.000212
4.770000	0.000202
4.780000	0.000192
4.790000	0.000183
4.800000	0.000174
4.810000	0.000166
4.820000	0.000158
4.830000	0.000150
4.840000	0.000143
4.850000	0.000136
4.860000	0.000129
4.870000	0.000123
4.880000	0.000117
4.890000	0.000111
4.900000	0.000106
4.910000	0.000100
4.920000	0.000095
4.930000	0.000091
4.940000	0.000086
4.950000	0.000082
4.960000	0.000078
4.970000	0.000074
4.980000	0.000070
4.990000	0.000067
5.000000	0.000063
5.010000	0.000060
5.020000	0.000057
5.030000	0.000054
5.040000	0.000052
5.050000	0.000049
5.060000	0.000047
5.070000	0.000044
5.080000	0.000042
5.090000	0.000040
5.100000	0.000038
5.110000	0.000036
5.120000	0.000034
5.130000	0.000032
5.140000	0.000031
5.150000	0.000029
5.160000	0.000028
5.170000	0.000026
5.180000	0.000025
5.190000	0.000023
5.200000	0.000022
5.210000	0.000021
5.220000	0.000020
5.230000	0.000019
5.240000	0.000018
5.250000	0.000017
5.260000	0.000016
5.270000	0.000015
5.280000	0.000014
5.290000	0.000014
5.300000	0.000013
5.310000	0.000012
5.320000	0.000012
5.330000	0.000011
5.340000	0.000010
5.350000	0.000010
5.360000	0.000009
5.370000	0.000009
5.380000	0.000008
5.390000	0.000008
5.400000	0.000007
5.410000	0.000007
5.420000	0.000007
5.430000	0.000006
5.440000	0.000006
5.450000	0.000006
5.460000	0.000005
5.470000	0.000005
5.480000	0.000005
5.490000	0.000005
5.500000	0.000004
5.510000	0.000004
5.520000	0.000004
5.530000	0.000004
5.540000	0.000003
5.550000	0.000003
5.560000	0.000003
5.570000	0.000003
5.580000	0.000003
5.590000	0.000003
5.600000	0.000002
5.610000	0.000002
5.620000	0.000002
5.630000	0.000002
5.640000	0.000002
5.650000	0.000002
5.660000	0.000002
5.670000	0.000002
5.680000	0.000002
5.690000	0.000001
5.700000	0.000001
5.710000	0.000001
5.720000	0.000001
5.730000	0.000001
5.740000	0.000001
5.750000	0.000001
5.760000	0.000001
5.770000	0.000001
5.780000	0.000001
5.790000	0.000001
5.800000	0.000001
5.810000	0.000001
5.820000	0.000001
5.830000	0.000001
5.840000	0.000001
5.850000	0.000001
5.860000	0.000001
5.870000	0.000000
5.880000	0.000000
5.890000	0.000000
5.900000	0.000000
5.910000	0.000000
5.920000	0.000000
5.930000	0.000000
5.940000	0.000000
5.950000	0.000000
5.960000	0.000000
5.970000	0.000000
5.980000	0.000000
5.990000	0.000000
6.000000	0.000000
6.010000	0.000000
6.020000	0.000000
6.030000	0.000000
6.040000	0.000000
6.050000	0.000000
6.060000	0.000000
6.070000	0.000000
6.080000	0.000000
6.090000	0.000000
6.100000	0.000000
6.110000	0.000000
6.120000	0.000000
6.130000	0.000000
6.140000	0.000000
6.150000	0.000000
6.160000	0.000000
6.170000	0.000000
6.180000	0.000000
6.190000	0.000000
6.200000	0.000000
6.210000	0.000000
6.220000	0.000000
6.230000	0.000000
6.240000	0.000000
6.250000	0.000000
6.260000	0.000000
6.270000	0.000000
6.280000	0.000000
6.290000	0.000000
6.300000	0.000000
6.310000	0.000000
6.320000	0.000000
6.330000	0.000000
6.340000	0.000000
6.350000	0.000000
6.360000	0.000000
6.370000	0.000000
6.380000	0.000000
6.390000	0.000000
6.400000	0.000000
6.410000	0.000000
6.420000	0.000000
6.430000	0.000000
6.440000	0.000000
6.450000	0.000000
6.460000	0.000000
6.470000	0.000000
6.480000	0.000000
6.490000	0.000000
6.500000	0.000000
6.510000	0.000000
6.520000	0.000000
6.530000	0.000000
6.540000	0.000000
6.550000	0.000000
6.560000	0.000000
6.570000	0.000000
6.580000	0.000000
6.590000	0.000000
6.600000	0.000000
6.610000	0.000000
6.620000	0.000000
6.630000	0.000000
6.640000	0.000000
6.650000	0.000000
6.660000	0.000000
6.670000	0.000000
6.680000	0.000000
6.690000	0.000000
6.700000	0.000000
6.710000	0.000000
6.720000	0.000000
6.730000	0.000000
6.740000	0.000000
6.750000	0.000000
6.760000	0.000000
6.770000	0.000000
6.780000	0.000000
6.790000	0.000000
6.800000	0.000000
6.810000	0.000000
6.820000	0.000000
6.830000	0.000000
6.840000	0.000000
6.850000	0.000000
6.860000	0.000000
6.870000	0.000000
6.880000	0.000000
6.890000	0.000000
6.900000	0.000000
6.910000	0.000000
6.920000	0.000000
6.930000	0.000000
6.940000	0.000000
6.950000	0.000000
6.960000	0.000000
6.970000	0.000000
6.980000	0.000000
6.990000	0.000000
7.000000	0.000000
7.010000	0.000000
7.020000	0.000000
7.030000	0.000000
7.040000	0.000000
7.050000	0.000000
7.060000	0.000000
7.070000	0.000000
7.080000	0.000000
7.090000	0.000000
