0.000000	100.000000
0.010000	99.351152
0.020000	98.702347
0.030000	98.053628
0.040000	97.405037
0.050000	96.756618
0.060000	96.108413
0.070000	95.460466
0.080000	94.812818
0.090000	94.165513
0.100000	93.518593
0.110000	92.872100
0.120000	92.226078
0.130000	91.580569
0.140000	90.935614
0.150000	90.291255
0.160000	89.647536
0.170000	89.004497
0.180000	88.362181
0.190000	87.720630
0.200000	87.079883
0.210000	86.439984
0.220000	85.800972
0.230000	85.162890
0.240000	84.525777
0.250000	83.889675
0.260000	83.254624
0.270000	82.620663
0.280000	81.987834
0.290000	81.356175
0.300000	80.725727
0.310000	80.096528
0.320000	79.468617
0.330000	78.842034
0.340000	78.216817
0.350000	77.593004
0.360000	76.970633
0.370000	76.349743
0.380000	75.730369
0.390000	75.112550
0.400000	74.496323
0.410000	73.881723
0.420000	73.268788
0.430000	72.657552
0.440000	72.048052
0.450000	71.440324
0.460000	70.834401
0.470000	70.230318
0.480000	69.628110
0.490000	69.027811
0.500000	68.429454
0.510000	67.833072
0.520000	67.238698
0.530000	66.646364
0.540000	66.056103
0.550000	65.467946
0.560000	64.881925
0.570000	64.298069
0.580000	63.716411
0.590000	63.136979
0.600000	62.559803
0.610000	61.984913
0.620000	61.412338
0.630000	60.842105
0.640000	60.274243
0.650000	59.708780
0.660000	59.145741
0.670000	58.585156
0.680000	58.027048
0.690000	57.471444
0.700000	56.918370
0.710000	56.367851
0.720000	55.819910
0.730000	55.274572
0.740000	54.731860
0.750000	54.191798
0.760000	53.654407
0.770000	53.119711
0.780000	52.587731
0.790000	52.058488
0.800000	51.532002
0.810000	51.008294
0.820000	50.487385
0.830000	49.969292
0.840000	49.454035
0.850000	48.941633
0.860000	48.432103
0.870000	47.925462
0.880000	47.421728
0.890000	46.920917
0.900000	46.423045
0.910000	45.928128
0.920000	45.436180
0.930000	44.947216
0.940000	44.461250
0.950000	43.978295
0.960000	43.498365
0.970000	43.021472
0.980000	42.547629
0.990000	42.076847
1.000000	41.609137
1.010000	41.144509
1.020000	40.682975
1.030000	40.224544
1.040000	39.769224
1.050000	39.317026
1.060000	38.867956
1.070000	38.422023
1.080000	37.979235
1.090000	37.539598
1.100000	37.103118
1.110000	36.669803
1.120000	36.239656
1.130000	35.812684
1.140000	35.388890
1.150000	34.968279
1.160000	34.550856
1.170000	34.136622
1.180000	33.725580
1.190000	33.317734
1.200000	32.913085
1.210000	32.511634
1.220000	32.113383
1.230000	31.718332
1.240000	31.326482
1.250000	30.937831
1.260000	30.552381
1.270000	30.170128
1.280000	29.791073
1.290000	29.415213
1.300000	29.042545
1.310000	28.673068
1.320000	28.306778
1.330000	27.943671
1.340000	27.583744
1.350000	27.226993
1.360000	26.873412
1.370000	26.522998
1.380000	26.175743
1.390000	25.831644
1.400000	25.490693
1.410000	25.152884
1.420000	24.818210
1.430000	24.486665
1.440000	24.158240
1.450000	23.832928
1.460000	23.510720
1.470000	23.191609
1.480000	22.875585
1.490000	22.562638
1.500000	22.252760
1.510000	21.945941
1.520000	21.642171
1.530000	21.341439
1.540000	21.043734
1.550000	20.749046
1.560000	20.457363
1.570000	20.168674
1.580000	19.882967
1.590000	19.600230
1.600000	19.320450
1.610000	19.043615
1.620000	18.769711
1.630000	18.498727
1.640000	18.230648
1.650000	17.965460
1.660000	17.703151
1.670000	17.443706
1.680000	17.187110
1.690000	16.933349
1.700000	16.682408
1.710000	16.434273
1.720000	16.188929
1.730000	15.946359
1.740000	15.706548
1.750000	15.469482
1.760000	15.235143
1.770000	15.003516
1.780000	14.774584
1.790000	14.548331
1.800000	14.324741
1.810000	14.103797
1.820000	13.885482
1.830000	13.669778
1.840000	13.456670
1.850000	13.246139
1.860000	13.038168
1.870000	12.832739
1.880000	12.629835
1.890000	12.429439
1.900000	12.231531
1.910000	12.036095
1.920000	11.843112
1.930000	11.652564
1.940000	11.464432
1.950000	11.278699
1.960000	11.095346
1.970000	10.914354
1.980000	10.735704
1.990000	10.559379
2.000000	10.385359
2.010000	10.213625
2.020000	10.044159
2.030000	9.876942
2.040000	9.711955
2.050000	9.549179
2.060000	9.388595
2.070000	9.230184
2.080000	9.073926
2.090000	8.919803
2.100000	8.767796
2.110000	8.617885
2.120000	8.470052
2.130000	8.324277
2.140000	8.180541
2.150000	8.038824
2.160000	7.899109
2.170000	7.761375
2.180000	7.625604
2.190000	7.491776
2.200000	7.359872
2.210000	7.229874
2.220000	7.101761
2.230000	6.975516
2.240000	6.851119
2.250000	6.728552
2.260000	6.607794
2.270000	6.488828
2.280000	6.371635
2.290000	6.256196
2.300000	6.142491
2.310000	6.030503
2.320000	5.920213
2.330000	5.811602
2.340000	5.704652
2.350000	5.599345
2.360000	5.495661
2.370000	5.393583
2.380000	5.293092
2.390000	5.194171
2.400000	5.096801
2.410000	5.000965
2.420000	4.906643
2.430000	4.813819
2.440000	4.722475
2.450000	4.632594
2.460000	4.544157
2.470000	4.457146
2.480000	4.371546
2.490000	4.287338
2.500000	4.204506
2.510000	4.123032
2.520000	4.042899
2.530000	3.964091
2.540000	3.886590
2.550000	3.810380
2.560000	3.735445
2.570000	3.661767
2.580000	3.589331
2.590000	3.518121
2.600000	3.448120
2.610000	3.379313
2.620000	3.311683
2.630000	3.245215
2.640000	3.179893
2.650000	3.115701
2.660000	3.052625
2.670000	2.990648
2.680000	2.929757
2.690000	2.869935
2.700000	2.811168
2.710000	2.753441
2.720000	2.696739
2.730000	2.641049
2.740000	2.586354
2.750000	2.532642
2.760000	2.479898
2.770000	2.428108
2.780000	2.377258
2.790000	2.327335
2.800000	2.278324
2.810000	2.230212
2.820000	2.182987
2.830000	2.136634
2.840000	2.091140
2.850000	2.046493
2.860000	2.002679
2.870000	1.959687
2.880000	1.917503
2.890000	1.876114
2.900000	1.835510
2.910000	1.795676
2.920000	1.756602
2.930000	1.718275
2.940000	1.680684
2.950000	1.643817
2.960000	1.607661
2.970000	1.572207
2.980000	1.537443
2.990000	1.503357
3.000000	1.469938
3.010000	1.437176
3.020000	1.405059
3.030000	1.373578
3.040000	1.342721
3.050000	1.312478
3.060000	1.282840
3.070000	1.253795
3.080000	1.225334
3.090000	1.197447
3.100000	1.170123
3.110000	1.143355
3.120000	1.117131
3.130000	1.091443
3.140000	1.066281
3.150000	1.041637
3.160000	1.017500
3.170000	0.993863
3.180000	0.970716
3.190000	0.948051
3.200000	0.925859
3.210000	0.904131
3.220000	0.882860
3.230000	0.862038
3.240000	0.841655
3.250000	0.821705
3.260000	0.802178
3.270000	0.783069
3.280000	0.764368
3.290000	0.746068
3.300000	0.728162
3.310000	0.710643
3.320000	0.693503
3.330000	0.676736
3.340000	0.660333
3.350000	0.644289
3.360000	0.628597
3.370000	0.613249
3.380000	0.598240
3.390000	0.583563
3.400000	0.569211
3.410000	0.555178
3.420000	0.541458
3.430000	0.528045
3.440000	0.514932
3.450000	0.502115
3.460000	0.489587
3.470000	0.477342
3.480000	0.465375
3.490000	0.453681
3.500000	0.442253
3.510000	0.431086
3.520000	0.420176
3.530000	0.409517
3.540000	0.399104
3.550000	0.388932
3.560000	0.378996
3.570000	0.369291
3.580000	0.359813
3.590000	0.350556
3.600000	0.341517
3.610000	0.332690
3.620000	0.324072
3.630000	0.315657
3.640000	0.307442
3.650000	0.299423
3.660000	0.291594
3.670000	0.283953
3.680000	0.276496
3.690000	0.269217
3.700000	0.262114
3.710000	0.255183
3.720000	0.248420
3.730000	0.241821
3.740000	0.235382
3.750000	0.229102
3.760000	0.222975
3.770000	0.216998
3.780000	0.211169
3.790000	0.205484
3.800000	0.199939
3.810000	0.194532
3.820000	0.189259
3.830000	0.184119
3.840000	0.179106
3.850000	0.174220
3.860000	0.169456
3.870000	0.164812
3.880000	0.160286
3.890000	0.155874
3.900000	0.151574
3.910000	0.147384
3.920000	0.143301
3.930000	0.139322
3.940000	0.135446
3.950000	0.131669
3.960000	0.127990
3.970000	0.124405
3.980000	0.120914
3.990000	0.117513
4.000000	0.114201
4.010000	0.110975
4.020000	0.107834
4.030000	0.104775
4.040000	0.101797
4.050000	0.098897
4.060000	0.096073
4.070000	0.093325
4.080000	0.090650
4.090000	0.088045
4.100000	0.085511
4.110000	0.083044
4.120000	0.080643
4.130000	0.078307
4.140000	0.076034
4.150000	0.073822
4.160000	0.071670
4.170000	0.069576
4.180000	0.067540
4.190000	0.065559
4.200000	0.063632
4.210000	0.061758
4.220000	0.059935
4.230000	0.058163
4.240000	0.056439
4.250000	0.054763
4.260000	0.053134
4.270000	0.051549
4.280000	0.050009
4.290000	0.048512
4.300000	0.047057
4.310000	0.045643
4.320000	0.044268
4.330000	0.042932
4.340000	0.041634
4.350000	0.040372
4.360000	0.039147
4.370000	0.037956
4.380000	0.036799
4.390000	0.035675
4.400000	0.034583
4.410000	0.033523
4.420000	0.032493
4.430000	0.031492
4.440000	0.030521
4.450000	0.029578
4.460000	0.028662
4.470000	0.027773
4.480000	0.026909
4.490000	0.026071
4.500000	0.025257
4.510000	0.024468
4.520000	0.023701
4.530000	0.022957
4.540000	0.022235
4.550000	0.021534
4.560000	0.020854
4.570000	0.020195
4.580000	0.019555
4.590000	0.018934
4.600000	0.018331
4.610000	0.017747
4.620000	0.017180
4.630000	0.016630
4.640000	0.016097
4.650000	0.015580
4.660000	0.015079
4.670000	0.014593
4.680000	0.014121
4.690000	0.013664
4.700000	0.013221
4.710000	0.012792
4.720000	0.012375
4.730000	0.011972
4.740000	0.011581
4.750000	0.011202
4.760000	0.010835
4.770000	0.010479
4.780000	0.010134
4.790000	0.009800
4.800000	0.009476
4.810000	0.009162
4.820000	0.008859
4.830000	0.008564
4.840000	0.008279
4.850000	0.008003
4.860000	0.007736
4.870000	0.007477
4.880000	0.007227
4.890000	0.006984
4.900000	0.006749
4.910000	0.006522
4.920000	0.006301
4.930000	0.006088
4.940000	0.005882
4.950000	0.005682
4.960000	0.005489
4.970000	0.005302
4.980000	0.005121
4.990000	0.004946
5.000000	0.004777
5.010000	0.004613
5.020000	0.004454
5.030000	0.004301
5.040000	0.004152
5.050000	0.004009
5.060000	0.003870
5.070000	0.003736
5.080000	0.003606
5.090000	0.003481
5.100000	0.003359
5.110000	0.003242
5.120000	0.003129
5.130000	0.003019
5.140000	0.002913
5.150000	0.002810
5.160000	0.002711
5.170000	0.002616
5.180000	0.002523
5.190000	0.002434
5.200000	0.002348
5.210000	0.002264
5.220000	0.002184
5.230000	0.002106
5.240000	0.002031
5.250000	0.001958
5.260000	0.001888
5.270000	0.001820
5.280000	0.001755
5.290000	0.001691
5.300000	0.001630
5.310000	0.001571
5.320000	0.001514
5.330000	0.001460
5.340000	0.001407
5.350000	0.001355
5.360000	0.001306
5.370000	0.001258
5.380000	0.001212
5.390000	0.001168
5.400000	0.001125
5.410000	0.001084
5.420000	0.001044
5.430000	0.001005
5.440000	0.000968
5.450000	0.000932
5.460000	0.000898
5.470000	0.000864
5.480000	0.000832
5.490000	0.000801
5.500000	0.000771
5.510000	0.000743
5.520000	0.000715
5.530000	0.000688
5.540000	0.000662
5.550000	0.000637
5.560000	0.000613
5.570000	0.000590
5.580000	0.000568
5.590000	0.000546
5.600000	0.000526
5.610000	0.000506
5.620000	0.000486
5.630000	0.000468
5.640000	0.000450
5.650000	0.000433
5.660000	0.000416
5.670000	0.000400
5.680000	0.000385
5.690000	0.000370
5.700000	0.000356
5.710000	0.000342
5.720000	0.000329
5.730000	0.000316
5.740000	0.000304
5.750000	0.000292
5.760000	0.000281
5.770000	0.000270
5.780000	0.000259
5.790000	0.000249
5.800000	0.000239
5.810000	0.000230
5.820000	0.000221
5.830000	0.000212
5.840000	0.000204
5.850000	0.000196
5.860000	0.000188
5.870000	0.000181
5.880000	0.000174
5.890000	0.000167
5.900000	0.000160
5.910000	0.000154
5.920000	0.000147
5.930000	0.000142
5.940000	0.000136
5.950000	0.000130
5.960000	0.000125
5.970000	0.000120
5.980000	0.000115
5.990000	0.000111
6.000000	0.000106
6.010000	0.000102
6.020000	0.000098
6.030000	0.000094
6.040000	0.000090
6.050000	0.000086
6.060000	0.000083
6.070000	0.000079
6.080000	0.000076
6.090000	0.000073
6.100000	0.000070
6.110000	0.000067
6.120000	0.000064
6.130000	0.000062
6.140000	0.000059
6.150000	0.000057
6.160000	0.000054
6.170000	0.000052
6.180000	0.000050
6.190000	0.000048
6.200000	0.000046
6.210000	0.000044
6.220000	0.000042
6.230000	0.000040
6.240000	0.000039
6.250000	0.000037
6.260000	0.000036
6.270000	0.000034
6.280000	0.000033
6.290000	0.000031
6.300000	0.000030
6.310000	0.000029
6.320000	0.000027
6.330000	0.000026
6.340000	0.000025
6.350000	0.000024
6.360000	0.000023
6.370000	0.000022
6.380000	0.000021
6.390000	0.000020
6.400000	0.000019
6.410000	0.000019
6.420000	0.000018
6.430000	0.000017
6.440000	0.000016
6.450000	0.000016
6.460000	0.000015
6.470000	0.000014
6.480000	0.000014
6.490000	0.000013
6.500000	0.000012
6.510000	0.000012
6.520000	0.000011
6.530000	0.000011
6.540000	0.000010
6.550000	0.000010
6.560000	0.000010
6.570000	0.000009
6.580000	0.000009
6.590000	0.000008
6.600000	0.000008
6.610000	0.000008
6.620000	0.000007
6.630000	0.000007
6.640000	0.000007
6.650000	0.000006
6.660000	0.000006
6.670000	0.000006
6.680000	0.000006
6.690000	0.000005
6.700000	0.000005
6.710000	0.000005
6.720000	0.000005
6.730000	0.000004
6.740000	0.000004
6.750000	0.000004
6.760000	0.000004
6.770000	0.000004
6.780000	0.000004
6.790000	0.000003
6.800000	0.000003
6.810000	0.000003
6.820000	0.000003
6.830000	0.000003
6.840000	0.000003
6.850000	0.000003
6.860000	0.000002
6.870000	0.000002
6.880000	0.000002
6.890000	0.000002
6.900000	0.000002
6.910000	0.000002
6.920000	0.000002
6.930000	0.000002
6.940000	0.000002
6.950000	0.000002
6.960000	0.000002
6.970000	0.000001
6.980000	0.000001
6.990000	0.000001
7.000000	0.000001
7.010000	0.000001
7.020000	0.000001
7.030000	0.000001
7.040000	0.000001
7.050000	0.000001
7.060000	0.000001
7.070000	0.000001
7.080000	0.000001
7.090000	0.000001
7.100000	0.000001
7.110000	0.000001
7.120000	0.000001
7.130000	0.000001
7.140000	0.000001
7.150000	0.000001
7.160000	0.000001
7.170000	0.000001
7.180000	0.000001
7.190000	0.000000
7.200000	0.000000
7.210000	0.000000
7.220000	0.000000
7.230000	0.000000
7.240000	0.000000
7.250000	0.000000
7.260000	0.000000
7.270000	0.000000
7.280000	0.000000
7.290000	0.000000
7.300000	0.000000
7.310000	0.000000
7.320000	0.000000
7.330000	0.000000
7.340000	0.000000
7.350000	0.000000
7.360000	0.000000
7.370000	0.000000
7.380000	0.000000
7.390000	0.000000
7.400000	0.000000
7.410000	0.000000
7.420000	0.000000
7.430000	0.000000
7.440000	0.000000
7.450000	0.000000
7.460000	0.000000
7.470000	0.000000
7.480000	0.000000
7.490000	0.000000
7.500000	0.000000
7.510000	0.000000
7.520000	0.000000
7.530000	0.000000
7.540000	0.000000
7.550000	0.000000
7.560000	0.000000
7.570000	0.000000
7.580000	0.000000
7.590000	0.000000
7.600000	0.000000
7.610000	0.000000
7.620000	0.000000
7.630000	0.000000
7.640000	0.000000
7.650000	0.000000
7.660000	0.000000
7.670000	0.000000
7.680000	0.000000
7.690000	0.000000
7.700000	0.000000
7.710000	0.000000
7.720000	0.000000
7.730000	0.000000
7.740000	0.000000
7.750000	0.000000
7.760000	0.000000
7.770000	0.000000
7.780000	0.000000
7.790000	0.000000
7.800000	0.000000
7.810000	0.000000
7.820000	0.000000
7.830000	0.000000
7.840000	0.000000
7.850000	0.000000
7.860000	0.000000
7.870000	0.000000
7.880000	0.000000
7.890000	0.000000
7.900000	0.000000
7.910000	0.000000
7.920000	0.000000
7.930000	0.000000
7.940000	0.000000
7.950000	0.000000
7.960000	0.000000
7.970000	0.000000
7.980000	0.000000
7.990000	0.000000
8.000000	0.000000
8.010000	0.000000
8.020000	0.000000
8.030000	0.000000
8.040000	0.000000
8.050000	0.000000
8.060000	0.000000
8.070000	0.000000
8.080000	0.000000
8.090000	0.000000
8.100000	0.000000
8.110000	0.000000
8.120000	0.000000
8.130000	0.000000
8.140000	0.000000
8.150000	0.000000
8.160000	0.000000
8.170000	0.000000
8.180000	0.000000
8.190000	0.000000
8.200000	0.000000
8.210000	0.000000
8.220000	0.000000
8.230000	0.000000
8.240000	0.000000
8.250000	0.000000
8.260000	0.000000
8.270000	0.000000
8.280000	0.000000
8.290000	0.000000
8.300000	0.000000
8.310000	0.000000
8.320000	0.000000
8.330000	0.000000
8.340000	0.000000
8.350000	0.000000
8.360000	0.000000
8.370000	0.000000
8.380000	0.000000
8.390000	0.000000
8.400000	0.000000
8.410000	0.000000
8.420000	0.000000
8.430000	0.000000
8.440000	0.000000
8.450000	0.000000
8.460000	0.000000
8.470000	0.000000
8.480000	0.000000
8.490000	0.000000
8.500000	0.000000
8.510000	0.000000
8.520000	0.000000
8.530000	0.000000
8.540000	0.000000
8.550000	0.000000
8.560000	0.000000
8.570000	0.000000
8.580000	0.000000
8.590000	0.000000
8.600000	0.000000
8.610000	0.000000
8.620000	0.000000
8.630000	0.000000
8.640000	0.000000
8.650000	0.000000
8.660000	0.000000
8.670000	0.000000
8.680000	0.000000
